矩阵为 10 阶
RESULT...
99.0000		23.0000		5.0000		19.0000		25.0000		1.0000		95.0000		96.0000		97.0000		2.0000		
-0.0000		92.7677		3.9495		16.8081		17.7475		19.9899		4.0404		86.0303		5.0202		21.9798		
-0.0000		0.0000		90.0832		-16.6690		-17.6006		-20.8247		68.9930		-11.3184		5.0213		55.2021		
0.0000		0.0000		-0.0000		19.9585		-5.0042		78.0065		66.5265		55.5510		69.6563		-3.3330		
0.0000		-0.0000		0.0000		-0.0000		89.2393		83.3408		-21.4178		-22.7861		-15.3013		0.5957		
0.0000		0.0000		0.0000		0.0000		-0.0000		46.1840		59.5411		59.9780		39.5646		101.3725		
0.0000		0.0000		0.0000		0.0000		0.0000		0.0000		89.4529		81.0713		15.4371		52.7066		
0.0000		-0.0000		0.0000		0.0000		-0.0000		-0.0000		-0.0000		-76.9994		-21.5037		-49.6220		
0.0000		0.0000		0.0000		0.0000		-0.0000		0.0000		-0.0000		-0.0000		24.8588		20.3488		
-0.0000		-0.0000		0.0000		-0.0000		0.0000		-0.0000		-0.0000		-0.0000		0.0000		62.5994		
